796
16
90
23
197675
3960
645
11
8
59
44
564
994
1510
9839
168
80
95
573
700
36
468
103
469
301
1963
3711
511
139
247
22
521
1613
1386
3986
408
10608
5556
711
8363
4255
71
14
22
1338
580
36
1964
11
2046
11113
4951
67
1924
14
12
4066
597
5142
1776
1189
2457
228
20
672
4193
279
21
7918
44
700
7885
1223
91
1397
807
447
1479
5070
1301
2799
551
3367
9544
3529
12
5092
9455
6169
6600
83
49
3881
344
738
865
4320
14061
13
33
3480
248
416
119
1908
2924
496
1243
139
90
7016
11
6506
725
1711
2148
829
616
1209
1191
115
2456
2826
1611
5473
754
5186
25
1095
615
1406
4350
2558
28
7270
6126
10
9724
38
4025
2025
4616
3084
5617
3846
787
2158
10008
4271
673
8487
1250
2635
345
1860
608
2554
9058
757
1131
12772
3986
307
501
466
49
427
