11
520
848
323
339
331
290
318
46
302
346
269
105
12
37
328
320
52
127
351
13
11
575
417
20
16
346
326
326
725
172
12
347
339
397
317
357
305
9
210
2
226
335
367
11
64
11
106
14
26
12
1093
13
464
1106
18
21
197
31
975
358
106
17
28
774
45
11
393
66
358
105
17
393
12
16
9179
1460
30
623
9967
11
11
121
510
282
601
249
144
408
931
1
45
345
42
2
11
11723
1232
718
7879
1109
33
12
8
1007
17276
6598
11
7995
11
344
77
437
12
340
11
89
10
15
11
98
202
633
465
91
7
344
11
3
106
2
8769
13
82
10
12
6384
3121
3900
1328
344
99
599
14
186
326
115
143
494
362
338
375
10
333
325
102
222
1
137
385
11
448
60
38
12
11
11
12
10
2121
10
527
2
174
382
10
