538
12
12
123
558
125
11
1249
422
17
255
3094
60
802
11
3
427
11
4050
622
29
10
587
7863
1050
3346
664
13
204
604
5688
211
477
650
774
5531
14
601
9599
1164
427
10721
14307
116
1598
2668
332
5494
18432
1925
1125
3417
1673
9439
14115
5820
10341
5015
7300
5902
60
16634
209
1809
9762
1888
11
1004
1078
2167
579
197
435
5298
21949
3433
194
6835
2015
1885
20
1887
4698
550
16308
2
22658
17861
11
17361
10993
11059
7063
30
1204
1750
173
75
768
3
439
2
5118
2026
570
17
10432
7
412
127
46
28
5409
7
101
3
4319
9
3
221
28
6
24952
3
19469
19313
2250
5467
4218
7
3609
567
1229
917
8638
27094
153
4617
9460
909
40
25826
26506
7
6335
8
40
35
6523
125
129
10
11203
277
2478
434
965
1295
444
1314
249
3753
11
1150
1183
68
28318
3947
397
259
2296
3
10615
7588
148
23880
1768
91
4384
16822
18110
2921
15212
3419
23574
77
758
4392
18803
23820
8118
48
63
292
13
24364
605
31764
11562
2287
9
966
1542
9226
19982
10
4
40
11204
2181
600
3999
2718
8
19260
1697
6134
28385
281
4024
11
1334
621
283
15162
15093
699
4
13665
108
51
1937
407
6
533
3
5584
3
250
823
85
712
3
5
1526
43
2145
32
134
13
620
31087
8
8
2976
4934
48
2939
170
2603
43
4
7
47
428
110
3
80
200
3
1397
165
367
547
372
224
1
897
218
1249
135
22
8
6583
41
1333
55
10
11
2
313
1912
7
2253
54818
640
2294
10
558
165
664
24
176
123
631
814
334
140
155
161
10925
11
1261
826
