114
462
825
41
2133
494
9682
6
1248
178
495
7
243
139
1390
961
4811
459
364
902
18152
301
8
5471
154
306
331
10
14760
6872
7423
2463
1558
3411
2872
7454
15414
10015
16337
4718
249
137
47
9268
6696
696
15794
3730
22
5200
4299
7028
1266
2630
17864
32939
41
11958
10622
39842
6508
36895
13486
2690
1477
491
19
9
1600
16530
13643
51824
22783
14694
11848
9015
25257
4
80
25611
15320
1936
15606
4075
140
9
118
190
19311
11830
5694
2728
3382
21
4021
72
897
2629
28
4599
23292
17114
9509
2616
12836
9023
15
363
1768
10017
3671
5196
9
103
826
406
1
5292
16536
86
5435
512
4354
856
61
5308
2
45
15
8
2630
40579
2
